Region,Volume,XYZ_1,XYZ_2,XYZ_3,maxZ
Region004,16,-30,-62,-54,3.74192070960999
Region005,296,36,-50,-52,4.98392677307129
Region006,248,10,-62,-50,5.45640230178833
Region009,32,34,-66,-46,4.28027629852295
Region010,8,-2,-66,-48,3.68465232849121
Region011,8,34,-40,-46,3.28465676307678
Region016,8,-14,-58,-42,3.29291486740112
Region017,376,46,-50,-38,7.03448691004784
Region018,16,42,2,-40,3.31742024421692
Region021,72,6,-24,-36,6.03467893600464
Region023,16,-12,-48,-36,3.51296448707581
Region024,16,-14,-40,-36,3.55718207359314
Region025,24,16,-16,-36,3.66163945198059
Region028,8,-18,-60,-34,3.38312649726868
Region030,296,28,-64,-28,4.78644561767578
Region031,136,-36,-56,-30,3.6916344165802
Region032,840,26,-50,-24,7.03448691004784
Region034,8,32,6,-32,4.04253387451172
Region035,8,-20,-64,-30,3.38479399681091
Region039,8,-22,-66,-28,3.33164358139038
Region043,56,-36,-66,-24,4.25471162796021
Region044,16,4,-64,-26,3.51604413986206
Region045,224,4,-48,-20,4.75540781021118
Region051,8,-20,-48,-24,3.29288172721863
Region057,184,2,-60,-20,4.31338548660278
Region059,8,-22,-60,-20,3.39204502105713
Region060,8,-14,-46,-20,3.29350614547729
Region061,64,-8,-38,-18,4.19863748550415
Region072,80,58,-22,-14,4.80345821380615
Region076,16,52,-28,-12,3.4430079460144
Region084,8,36,-16,-12,4.91105651855469
Region093,120,-34,54,-8,4.23723459243774
Region099,192,0,-50,-8,5.41867113113403
Region100,8,-68,-32,-10,3.2615442276001
Region107,848,-38,18,0,5.71982288360596
Region112,8,-4,-16,-6,3.26691436767578
Region113,24,-20,-12,-6,4.07335376739502
Region114,160,2,-6,-4,5.22255039215088
Region115,152,20,-4,-2,7.03448691004784
Region117,48,36,10,-4,3.64873623847961
Region121,128,-4,-28,0,6.21235704421997
Region122,144,-22,-26,2,5.21936368942261
Region130,16,-22,50,0,3.96540331840515
Region133,8,-46,52,0,3.28099322319031
Region138,8,-50,10,2,3.25948691368103
Region139,8,28,16,2,3.49501466751099
Region140,88,36,20,4,4.12466716766357
Region141,8,-12,-70,4,3.40969085693359
Region147,8,-10,-14,6,3.99537467956543
Region148,24,16,8,6,3.82946157455444
Region155,56,-8,-18,14,5.41248273849487
Region158,8,-32,24,10,3.26742815971375
Region163,520,-46,6,18,4.95257711410522
Region164,504,-12,4,16,5.05351448059082
Region165,16,-28,18,14,4.32849597930908
Region166,8,-32,40,12,3.28673696517944
Region170,8,-38,22,14,3.44389414787292
Region174,32,-30,36,16,4.46470928192139
Region175,72,44,4,18,4.37738609313965
Region177,8,48,48,18,3.29788327217102
Region184,8,-22,-66,24,3.42718267440796
Region188,16,-60,14,24,3.54812383651733
Region192,8,-16,-36,26,3.28333806991577
Region194,16,-14,-24,26,3.30391049385071
Region196,64,-18,-32,28,4.37805509567261
Region197,8,-54,8,28,3.3106586933136
Region198,16,-32,-54,30,3.63482213020325
Region199,16,-58,12,30,4.50819396972656
Region200,32,-14,20,30,4.16856145858765
Region203,8,32,26,32,3.25167107582092
Region204,296,-32,28,34,6.48231840133667
Region205,904,-2,22,40,5.59469270706177
Region206,248,-44,-52,40,4.28504323959351
Region207,8,-38,-38,34,3.38897585868835
Region210,8,-30,0,34,3.47497749328613
Region212,40,34,36,34,3.7905900478363
Region213,8,38,-54,36,3.3991551399231
Region214,8,-38,-48,36,3.38602876663208
Region215,8,-16,-44,36,3.51115107536316
Region219,104,30,-32,42,5.09330081939697
Region220,88,-38,-34,42,3.65919756889343
Region221,224,10,12,42,6.85390281677246
Region222,16,-12,14,40,3.8377742767334
Region223,8,-36,-46,42,3.25745558738708
Region225,832,36,-42,50,7.03448691004784
Region226,8,-14,16,44,3.28427004814148
Region230,16,-28,-26,50,3.71231555938721
Region231,88,-32,-32,52,4.76102495193481
Region235,272,-12,-68,56,4.41150951385498
Region237,112,-36,-42,54,4.19138860702515
Region238,24,-4,-2,54,4.03799724578857
Region239,24,-26,0,52,3.50368714332581
Region240,40,-8,12,54,3.66849756240845
Region242,16,-22,-6,54,3.47145223617554
Region243,8,20,-62,56,3.82691526412964
Region244,16,-6,-32,56,3.46792960166931
Region245,320,-28,-2,60,4.57330989837646
Region246,40,-14,-18,60,3.89062595367432
Region248,16,-36,8,62,3.69149279594421
Region249,8,-10,-22,64,3.26100754737854
Region250,248,-20,10,70,4.21269798278809
Region251,24,10,-24,68,3.74804377555847
Region252,8,-8,-24,68,3.32214856147766
Region253,8,-32,0,68,3.38951873779297
Region254,8,-30,4,68,3.30680990219116
Region255,8,-8,0,70,3.40674376487732
Region256,16,-26,2,70,3.35310959815979
Region257,8,-18,-2,74,3.34859299659729
Region001,40,-4,-46,-62,-4.16281223297119
Region002,16,8,-46,-62,-3.55233311653137
Region003,16,-2,-52,-56,-3.48430275917053
Region007,8,-20,-56,-52,-3.44060683250427
Region008,24,16,-84,-50,-4.32971715927124
Region012,8,6,-30,-44,-3.90486407279968
Region013,8,32,-12,-44,-3.27541756629944
Region014,88,-36,12,-42,-4.79908657073975
Region015,16,-24,-90,-42,-3.50557208061218
Region019,32,-46,-76,-38,-3.48213911056519
Region020,16,32,16,-40,-3.29135274887085
Region022,64,-40,-14,-36,-4.40923976898193
Region026,56,50,-8,-34,-4.58670139312744
Region027,16,28,14,-36,-4.19573020935059
Region029,104,-26,-88,-28,-4.48537158966064
Region033,64,-22,-14,-30,-5.11530876159668
Region036,32,-8,-48,-30,-3.96727776527405
Region037,16,-34,-32,-30,-3.59017777442932
Region038,8,-16,-88,-28,-3.55538940429688
Region040,16,18,-2,-28,-3.3441264629364
Region041,8,-44,-4,-28,-3.30461740493774
Region042,24,0,50,-28,-3.58501577377319
Region046,96,12,-26,-24,-4.16716623306274
Region047,48,-52,-20,-24,-3.97313785552979
Region048,8,62,-12,-26,-3.31799030303955
Region049,32,22,8,-26,-3.66497230529785
Region050,16,20,-90,-24,-3.32179284095764
Region052,200,28,-16,-18,-7.65056419372559
Region053,16,-12,-14,-22,-3.93638634681702
Region054,48,-20,0,-24,-4.01062774658203
Region055,1976,-4,40,-16,-11.4257917404175
Region056,8,12,-90,-22,-3.25098299980164
Region058,8,-22,-30,-22,-3.36031818389893
Region062,80,26,-34,-18,-4.6788969039917
Region063,248,-20,-26,-14,-5.00283050537109
Region064,256,-20,-12,-18,-5.43552255630493
Region065,24,18,2,-20,-3.79273128509521
Region066,400,-40,2,-14,-5.1869068145752
Region067,432,32,34,-14,-5.45583248138428
Region068,128,24,-2,-14,-5.69797468185425
Region069,32,56,14,-18,-3.84757876396179
Region070,8,-22,-98,-16,-3.38751578330994
Region071,8,30,-42,-16,-3.26515746116638
Region073,224,12,36,-14,-5.86968994140625
Region074,8,16,58,-16,-3.28376436233521
Region075,128,16,-70,-10,-4.68190574645996
Region077,16,28,-24,-14,-3.35227799415588
Region078,40,18,-26,-12,-3.60277557373047
Region079,8,-16,34,-14,-3.46068048477173
Region080,1632,2,60,-2,-5.53491878509521
Region081,16,32,-30,-12,-3.2922899723053
Region082,8,38,-30,-12,-3.46000385284424
Region083,8,-38,-30,-12,-3.28326177597046
Region085,192,-40,-12,-10,-5.61536931991577
Region086,24,40,-6,-12,-3.63361835479736
Region087,16,60,8,-12,-3.42556071281433
Region088,8,16,16,-12,-3.50136947631836
Region089,80,-10,22,-10,-4.41131973266602
Region090,48,6,26,-10,-3.69667649269104
Region091,8,-34,34,-12,-3.35768842697144
Region092,24,-10,56,-12,-3.85094141960144
Region094,16,-16,-74,-10,-3.395503282547
Region095,48,2,-70,-10,-5.0747332572937
Region096,16,-24,-58,-10,-3.57068228721619
Region097,48,-34,-58,-8,-3.72043180465698
Region098,48,28,-54,-10,-4.15266752243042
Region101,280,54,-6,-4,-4.48586273193359
Region102,8,-2,4,-10,-3.53188037872314
Region103,392,2,18,-4,-5.8896107673645
Region104,56,6,34,-8,-4.04174852371216
Region105,600,-42,-86,6,-5.24056005477905
Region106,16,-48,-4,-8,-3.51898431777954
Region108,56,-32,34,-6,-5.04302072525024
Region109,24,-26,42,-8,-4.19697570800781
Region110,16,22,-80,-6,-3.75761461257935
Region111,16,-4,-64,-6,-3.5259850025177
Region116,16,4,6,-4,-3.8486328125
Region118,8,26,20,-6,-3.33125853538513
Region119,8,8,24,-6,-3.30023598670959
Region120,208,-6,-42,0,-4.5084547996521
Region123,16,36,-20,-4,-3.99096298217773
Region124,2408,-62,-24,8,-8.46068096160889
Region125,32,26,30,-2,-3.79044270515442
Region126,16,4,30,-2,-3.31491374969482
Region127,16,-8,-102,0,-3.48070478439331
Region128,24,10,-60,-2,-3.70360231399536
Region129,88,8,-40,0,-4.15674591064453
Region131,48,28,-76,2,-4.49145030975342
Region132,440,64,-14,8,-4.94730567932129
Region134,8,10,66,0,-3.31008124351501
Region135,280,62,-28,6,-6.39798021316528
Region136,16,34,-18,2,-3.58194899559021
Region137,16,28,-8,2,-4.27275228500366
Region142,56,-26,28,6,-5.00965690612793
Region143,8,30,34,4,-4.0417652130127
Region144,24,52,-58,6,-3.7950963973999
Region145,8,12,-22,6,-3.6822350025177
Region146,64,38,-20,8,-3.76684212684631
Region149,40,32,30,8,-3.97517204284668
Region150,40,12,-46,10,-3.80254936218262
Region151,368,2,-38,16,-4.85116672515869
Region152,24,60,0,10,-3.64508652687073
Region153,48,38,4,8,-4.1511344909668
Region154,40,-10,24,10,-4.13686227798462
Region156,56,-62,2,12,-4.5824089050293
Region157,16,4,12,10,-3.95382785797119
Region159,8,28,-62,12,-3.62391662597656
Region160,24,8,-50,14,-3.33553910255432
Region161,56,-10,-48,14,-4.62508392333984
Region162,8,-52,-6,12,-3.25812268257141
Region167,40,4,68,14,-3.67286539077759
Region168,48,52,-8,14,-3.81182765960693
Region169,8,-66,-6,14,-3.51660370826721
Region171,8,16,32,14,-3.76464533805847
Region172,40,0,34,16,-4.03709268569946
Region173,24,8,16,16,-4.18142127990723
Region176,8,36,16,18,-3.52412748336792
Region178,536,4,-44,28,-5.82895517349243
Region179,32,-12,-86,24,-3.45484232902527
Region180,32,24,-56,22,-6.78977060317993
Region181,168,10,64,26,-4.71993970870972
Region182,16,32,-84,24,-3.43740177154541
Region183,8,8,-72,24,-3.33537459373474
Region185,8,-62,-30,24,-3.53601098060608
Region186,96,6,-14,26,-4.23035573959351
Region187,24,-62,-4,26,-3.530109167099
Region189,1240,14,-86,34,-5.44581985473633
Region190,192,-8,-90,32,-3.98509001731873
Region191,8,-8,-72,26,-3.27067565917969
Region193,16,44,-26,26,-3.84137964248657
Region195,232,16,-74,30,-5.23252725601196
Region201,8,6,58,30,-3.27691078186035
Region202,24,2,2,32,-3.59766292572021
Region208,112,10,-12,36,-4.04511642456055
Region209,8,10,-2,34,-3.31422352790833
Region211,8,56,12,34,-3.62596392631531
Region216,8,12,-42,36,-3.75593614578247
Region217,8,-42,-12,36,-3.34647464752197
Region218,64,-16,-86,40,-3.81406354904175
Region224,8,-32,-10,42,-3.5752420425415
Region227,16,16,22,44,-3.86889481544495
Region228,8,20,2,46,-5.20607614517212
Region229,8,10,-50,48,-3.85320591926575
Region232,16,6,-30,50,-3.46592116355896
Region233,16,10,-20,52,-3.71001863479614
Region234,32,44,-10,50,-3.98719763755798
Region236,48,20,-40,52,-4.19156169891357
Region241,8,4,-40,54,-3.45960783958435
Region247,8,50,-10,58,-3.28802275657654
